0
0
100
0 4.37877
1 -1.58628
2 -2.47551
3 2.26091
4 6.73364
5 -1.59118
6 -4.25193
7 2.54925
8 0.521884
9 0.339058
10 0.99043
11 -7.92592
12 1.75716
13 -4.03052
14 -1.24347
15 0.274144
16 -6.11879
17 1.05347
18 0.0869073
19 7.49367
20 1.5101
21 0.0105479
22 2.60681
23 2.51393
24 -1.44393
25 0.902101
26 -3.90307
27 -3.50913
28 0.459414
29 -0.0956438
30 0.933276
31 2.25651
32 -1.34567
33 1.2012
34 -2.78155
35 -0.502337
36 -1.60901
37 -4.61862
38 -1.75799
39 -4.42469
40 3.36971
41 0.0618299
42 6.69042
43 4.53542
44 -2.25907
45 -0.194561
46 -3.48608
47 -5.28507
48 0.299133
49 2.96672
50 -1.37138
51 1.49327
52 -2.9266
53 -5.29737
54 -6.00892
55 -2.71479
56 1.43693
57 2.64627
58 -1.00484
59 -1.6869
60 2.17524
61 -0.486173
62 -0.782645
63 2.00575
64 -1.55899
65 2.7823
66 1.5067
67 -0.282395
68 1.10633
69 1.37907
70 1.43038
71 -0.605865
72 -0.0374949
73 2.95768
74 2.68295
75 1.76466
76 -2.92811
77 -4.63989
78 0.233442
79 1.01093
80 5.38141
81 3.39647
82 1.48848
83 2.07331
84 -1.16141
85 1.51458
86 -2.41688
87 2.76772
88 3.22496
89 -5.44628
90 -2.69586
91 -3.65319
92 -2.96546
93 0.431499
94 -1.23339
95 -0.731813
96 7.6282
97 2.67198
98 -0.912241
99 4.36922
