0
0
100
0 1.44747
1 5.43976
2 -9.05776
3 5.19227
4 0.905666
5 3.43956
6 4.99336
7 -3.02045
8 4.59296
9 -6.10898
10 6.84389
11 5.02148
12 -2.91271
13 -1.69782
14 -5.01184
15 1.69836
16 7.95018
17 -2.54133
18 4.70652
19 1.96106
20 2.55309
21 6.94727
22 1.20071
23 10.404
24 -2.70588
25 1.53919
26 0.988897
27 -7.06003
28 7.72468
29 2.77307
30 4.75116
31 5.10728
32 -1.92635
33 3.23202
34 -4.79914
35 -2.78223
36 -1.10146
37 -5.28409
38 4.96006
39 -8.67863
40 -1.8892
41 2.38461
42 -5.97218
43 5.36876
44 -9.20964
45 1.27505
46 5.99182
47 -5.98818
48 5.89469
49 -8.75498
50 -7.70763
51 4.79315
52 -8.25269
53 5.14105
54 -4.37228
55 -6.77914
56 4.73179
57 -7.00134
58 7.84146
59 0.405478
60 5.98765
61 4.35861
62 -5.81495
63 4.6853
64 -0.0467736
65 3.97823
66 2.43339
67 -4.46769
68 6.24133
69 -2.73834
70 1.30034
71 -1.07109
72 -5.91075
73 7.33489
74 -0.367989
75 5.78633
76 -0.0665815
77 -3.2297
78 5.53008
79 -4.13781
80 1.89337
81 1.84843
82 -3.38068
83 4.98071
84 -6.82029
85 -1.04647
86 4.63826
87 -1.29646
88 2.27774
89 -0.00466579
90 1.7461
91 1.69341
92 -3.09446
93 4.73816
94 -3.84566
95 1.10439
96 2.4592
97 -6.82369
98 1.43214
99 -0.291218
