0
0
100
0 1
1 -0.38234
2 0.216587
3 0.188843
4 -0.482876
5 0.69744
6 -0.433474
7 0.196438
8 0.185549
9 -0.481379
10 0.586695
11 -0.445613
12 0.206602
13 0.230088
14 -0.454982
15 0.605081
16 -0.48458
17 0.19129
18 0.181445
19 -0.505126
20 0.493902
21 -0.522724
22 0.192146
23 0.129921
24 -0.507466
25 0.50528
26 -0.504892
27 0.168325
28 0.13485
29 -0.457541
30 0.612365
31 -0.477227
32 0.149513
33 0.114986
34 -0.549246
35 0.601036
36 -0.427531
37 0.221828
38 0.132006
39 -0.514481
40 0.570263
41 -0.397131
42 0.268187
43 0.213788
44 -0.456041
45 0.59978
46 -0.444884
47 0.206044
48 0.21375
49 -0.498865
50 0.58159
51 -0.498865
52 0.21375
53 0.206044
54 -0.444884
55 0.59978
56 -0.456041
57 0.213788
58 0.268187
59 -0.397131
60 0.570263
61 -0.514481
62 0.132006
63 0.221828
64 -0.427531
65 0.601036
66 -0.549246
67 0.114986
68 0.149513
69 -0.477227
70 0.612365
71 -0.457541
72 0.13485
73 0.168325
74 -0.504892
75 0.50528
76 -0.507466
77 0.129921
78 0.192146
79 -0.522724
80 0.493902
81 -0.505126
82 0.181445
83 0.19129
84 -0.48458
85 0.605081
86 -0.454982
87 0.230088
88 0.206602
89 -0.445613
90 0.586695
91 -0.481379
92 0.185549
93 0.196438
94 -0.433474
95 0.69744
96 -0.482876
97 0.188843
98 0.216587
99 -0.38234
