0
0
100
0 0
1 2.93893
2 -4.75528
3 4.75528
4 -2.93893
5 -2.44929e-15
6 2.93893
7 -4.75528
8 4.75528
9 -2.93893
10 -4.89859e-15
11 2.93893
12 -4.75528
13 4.75528
14 -2.93893
15 -7.34788e-15
16 2.93893
17 -4.75528
18 4.75528
19 -2.93893
20 -9.79717e-15
21 2.93893
22 -4.75528
23 4.75528
24 -2.93893
25 -1.22465e-14
26 2.93893
27 -4.75528
28 4.75528
29 -2.93893
30 -1.46958e-14
31 2.93893
32 -4.75528
33 4.75528
34 -2.93893
35 5.39092e-14
36 2.93893
37 -4.75528
38 4.75528
39 -2.93893
40 -1.95943e-14
41 2.93893
42 -4.75528
43 4.75528
44 -2.93893
45 -2.20436e-14
46 2.93893
47 -4.75528
48 4.75528
49 -2.93893
50 -2.44929e-14
51 2.93893
52 -4.75528
53 4.75528
54 -2.93893
55 4.4112e-14
56 2.93893
57 -4.75528
58 4.75528
59 -2.93893
60 -2.93915e-14
61 2.93893
62 -4.75528
63 4.75528
64 -2.93893
65 3.92135e-14
66 2.93893
67 -4.75528
68 4.75528
69 -2.93893
70 1.07818e-13
71 2.93893
72 -4.75528
73 4.75528
74 -2.93893
75 -1.07794e-13
76 2.93893
77 -4.75528
78 4.75528
79 -2.93893
80 -3.91887e-14
81 2.93893
82 -4.75528
83 4.75528
84 -2.93893
85 -1.12692e-13
86 2.93893
87 -4.75528
88 4.75528
89 -2.93893
90 -4.40873e-14
91 2.93893
92 -4.75528
93 4.75528
94 -2.93893
95 2.45177e-14
96 2.93893
97 -4.75528
98 4.75528
99 -2.93893
