0
0
100
0 1
1 -0.809017
2 0.309017
3 0.309017
4 -0.809017
5 1
6 -0.809017
7 0.309017
8 0.309017
9 -0.809017
10 1
11 -0.809017
12 0.309017
13 0.309017
14 -0.809017
15 1
16 -0.809017
17 0.309017
18 0.309017
19 -0.809017
20 1
21 -0.809017
22 0.309017
23 0.309017
24 -0.809017
25 1
26 -0.809017
27 0.309017
28 0.309017
29 -0.809017
30 1
31 -0.809017
32 0.309017
33 0.309017
34 -0.809017
35 1
36 -0.809017
37 0.309017
38 0.309017
39 -0.809017
40 1
41 -0.809017
42 0.309017
43 0.309017
44 -0.809017
45 1
46 -0.809017
47 0.309017
48 0.309017
49 -0.809017
50 1
51 -0.809017
52 0.309017
53 0.309017
54 -0.809017
55 1
56 -0.809017
57 0.309017
58 0.309017
59 -0.809017
60 1
61 -0.809017
62 0.309017
63 0.309017
64 -0.809017
65 1
66 -0.809017
67 0.309017
68 0.309017
69 -0.809017
70 1
71 -0.809017
72 0.309017
73 0.309017
74 -0.809017
75 1
76 -0.809017
77 0.309017
78 0.309017
79 -0.809017
80 1
81 -0.809017
82 0.309017
83 0.309017
84 -0.809017
85 1
86 -0.809017
87 0.309017
88 0.309017
89 -0.809017
90 1
91 -0.809017
92 0.309017
93 0.309017
94 -0.809017
95 1
96 -0.809017
97 0.309017
98 0.309017
99 -0.809017
